154
249
651
721
386
430
495
855
315
585
225
922
1255
840
195
1220
299
428
293
1450
283068
33644
217853
110250
153976
10665
11025
25403
397
151894
1542
1725267
172
174
174
317
8596
311
11172
317
8231
10768
717594
676
3640
1317
249
191
1613
1826
9891
23220
7782
265
520
512
12405
3213
10279
89316
155
151
169
321
178
167
180
154
173
188
235
178
231
276
222
240
175
1187
150
198
159
166
154
793
179
231
224
200
929
313
177
245
182
177
160
179
188
1157
150
177
183
159
162
190
230
963
209
156
626
253
2477
162
234
162
313
1174
188
223
195
239
192
187
195
206
406
202
184
165
198
1009
158
1042
170
210
187
1013
157
251
165
153
1066
182
158
7370
161
279
280
178
155
256
155
911
163
159
246
273
5644
2329314
204518
316356
155787
152796
20494
12275
