6
0
0
0
180
104
20
0
0
135
0
50
8
60
0
0
146
60
62
0
14
0
0
0
0
733
0
0
0
0
0
0
0
0
0
0
101
0
100
0
101
0
0
3
0
65
2
0
0
0
0
0
68
7
12
0
0
11
693
167
7723
3678
1069
2529
158
3019
2600
112
12495
0
0
979
153
0
1965
0
891
1432
1760
410
396
2104
215
2753
594
779
942
2684
2988
125
29
99
102
1853
45
172
4622
0
692
414
583
87
385
2059
2621
688
2046
5733
391
0
1737
787
94
351
1181
1373
194
425
512
0
0
0
121
947
532
349
453
1302
31
140
6979
1877
543
3021
4893
0
100
2183
654
3902
1321
2172
227
522
1138
96
145
377
0
0
71
1505
0
3497
250
441
1026
0
0
0
0
0
0
66
1
