1167657141 6
1167657301 0
1167657550 0
1167658201 0
1167658922 180
1167659488 104
1167660022 20
1167660537 0
1167661392 0
1167661707 135
1167662427 0
1167662652 50
1167663624 8
1167664887 60
1167665787 0
1167665982 0
1167667202 146
1167667647 60
1167668135 62
1167668490 0
1167669940 14
1167953022 0
1167986666 0
1168204519 0
1168314769 0
1168468745 733
1168480143 0
1168491168 0
1168516571 0
1168516968 0
1168668862 0
1168670404 0
1170395671 0
1170395843 0
1170396017 0
1170396191 0
1170396508 101
1170405205 0
1170405516 100
1170416788 0
1170417105 101
1170425437 0
1170436205 0
1171153799 3
1171154478 0
1171158118 65
1171159500 2
1171159751 0
1171159942 0
1171161555 0
1171163381 0
1171173272 0
1171196492 68
1171204342 7
1171204614 12
1171205146 0
1171205658 0
1171218063 11
1171221287 693
1171232259 167
1171321742 7723
1171329620 3678
1171333449 1069
1171334687 2529
1171337537 158
1171337873 3019
1171341059 2600
1171343839 112
1171344105 12495
1171356773 0
1171356961 0
1171357196 979
1171358353 153
1171358737 0
1171359013 1965
1171361200 0
1171361440 891
1171362506 1432
1171365125 1760
1171367035 410
1171367643 396
1171368198 2104
1171370468 215
1171370837 2753
1171374383 594
1171375156 779
1171376166 942
1171377332 2684
1171380216 2988
1171384133 125
1171384571 29
1171384777 99
1171385121 102
1171385405 1853
1171387435 45
1171387640 172
1171387991 4622
1171392801 0
1171393958 692
1171394800 414
1171395391 583
1171396157 87
1171396403 385
1171396950 2059
1171399199 2621
1171402050 688
1171403701 2046
1171405956 5733
1171411845 391
1171412862 0
1171413115 1737
1171417329 787
1171418278 94
1171418606 351
1171419119 1181
1171420613 1373
1171423160 194
1171423542 425
1171424190 512
1171424897 0
1171425136 0
1171425328 0
1171425515 121
1171425831 947
1171426984 532
1171427922 349
1171428473 453
1171429110 1302
1171430577 31
1171430806 140
1171431955 6979
1171439092 1877
1171442011 543
1171442724 3021
1171445955 4893
1171451035 0
1171452048 100
1171452305 2183
1171454739 654
1171455558 3902
1171459613 1321
1171462000 2172
1171464354 227
1171464739 522
1171472631 1138
1171473930 96
1171474305 145
1171474730 377
1171475285 0
1171475440 0
1171475696 71
1171475922 1505
1171478338 0
1171478501 3497
1171482157 250
1171482653 441
1171483367 1026
1171490037 0
1173819351 0
1174023869 0
1174340225 0
1174496012 0
1174648808 0
1174669302 66
1174681643 1
