1171321742 15474
1171337537 19424
1171357196 1310
1171358737 0
1171359013 1965
1171361200 0
1171361440 2498
1171365125 8465
1171374383 1552
1171376166 942
1171377332 5872
1171384133 125
1171384571 305
1171385121 7680
1171393958 7862
1171402050 688
1171403701 8535
1171412862 0
1171413115 1737
1171417329 1043
1171418606 1694
1171420613 1373
1171423160 807
1171424190 707
1171425136 2380
1171427922 3024
1171431955 9014
1171442011 9024
1171452048 2440
1171454739 6195
1171462000 3261
1171472631 1395
1171474305 145
1171474730 710
1171475696 1731
1171478338 4069
1171482653 441
1171483367 1026
1171490037 0
